Accuracy : 0.655060

F1 score : 0.652236

Precision score : 0.675709

Sensitivity score : 0.655060

Classification report : 
              precision    recall  f1-score   support

           0       0.87      0.90      0.88        50
           1       0.97      0.74      0.84        50
           2       0.70      0.62      0.66        50
           3       0.59      0.78      0.67        50
           4       0.70      0.80      0.75        50
           5       0.50      0.70      0.58        50
           6       0.78      0.36      0.49        50
           7       0.86      0.76      0.81        50
           8       0.78      0.80      0.79        50
           9       0.90      0.92      0.91        50
          10       0.90      0.86      0.88        50
          11       0.89      0.96      0.92        50
          12       0.85      0.90      0.87        50
          13       0.78      1.00      0.88        50
          14       0.90      0.90      0.90        50
          15       0.92      0.92      0.92        50
          16       0.89      0.78      0.83        50
          17       0.98      0.86      0.91        50
          18       0.84      0.84      0.84        50
          19       1.00      0.90      0.95        50
          20       0.93      0.82      0.87        50
          21       0.74      0.68      0.71        50
          22       0.74      0.96      0.83        50
          23       0.64      0.78      0.70        50
          24       0.98      0.94      0.96        50
          25       0.92      0.92      0.92        50
          26       0.60      0.54      0.57        50
          27       0.86      0.72      0.78        50
          28       0.79      0.66      0.72        50
          29       0.77      0.86      0.81        50
          30       0.97      0.64      0.77        50
          31       0.85      0.68      0.76        50
          32       0.40      0.50      0.44        50
          33       0.68      0.60      0.64        50
          34       0.69      0.58      0.63        50
          35       0.63      0.38      0.48        50
          36       0.64      0.54      0.59        50
          37       0.72      0.78      0.75        50
          38       0.95      0.74      0.83        50
          39       0.73      0.80      0.76        50
          40       0.49      0.46      0.47        50
          41       0.91      0.78      0.84        50
          42       0.66      0.70      0.68        50
          43       0.82      0.72      0.77        50
          44       0.49      0.58      0.53        50
          45       0.77      0.74      0.76        50
          46       0.36      0.32      0.34        50
          47       0.54      0.74      0.63        50
          48       0.83      0.80      0.82        50
          49       0.62      0.56      0.59        50
          50       0.53      0.62      0.57        50
          51       0.85      0.80      0.82        50
          52       0.58      0.78      0.67        50
          53       0.90      0.56      0.69        50
          54       0.41      0.50      0.45        50
          55       0.48      0.66      0.55        50
          56       0.81      0.68      0.74        50
          57       0.89      0.66      0.76        50
          58       0.53      0.54      0.53        50
          59       0.59      0.58      0.59        50
          60       0.36      0.18      0.24        50
          61       0.92      0.46      0.61        50
          62       0.49      0.48      0.48        50
          63       0.53      0.80      0.64        50
          64       0.67      0.44      0.53        50
          65       0.73      0.54      0.62        50
          66       0.36      0.48      0.41        50
          67       0.54      0.54      0.54        50
          68       0.24      0.14      0.18        50
          69       0.87      0.90      0.88        50
          70       0.84      0.76      0.80        50
          71       0.76      0.78      0.77        50
          72       0.72      0.62      0.67        50
          73       0.50      0.38      0.43        50
          74       0.47      0.70      0.56        50
          75       0.82      0.82      0.82        50
          76       0.74      0.96      0.83        50
          77       0.72      0.36      0.48        50
          78       0.67      0.76      0.71        50
          79       0.95      0.72      0.82        50
          80       0.85      0.90      0.87        50
          81       0.95      0.72      0.82        50
          82       0.73      0.80      0.76        50
          83       0.96      0.86      0.91        50
          84       0.83      0.90      0.87        50
          85       0.90      0.90      0.90        50
          86       0.63      0.90      0.74        50
          87       0.94      0.90      0.92        50
          88       0.92      0.92      0.92        50
          89       0.86      0.86      0.86        50
          90       0.85      0.94      0.90        50
          91       0.72      0.86      0.78        50
          92       0.90      0.94      0.92        50
          93       0.88      0.76      0.82        50
          94       0.95      0.74      0.83        50
          95       0.87      0.94      0.90        50
          96       1.00      0.78      0.88        50
          97       0.91      0.82      0.86        50
          98       0.95      0.78      0.86        50
          99       0.82      0.64      0.72        50
         100       0.91      0.96      0.93        50
         101       0.42      0.56      0.48        50
         102       0.92      0.96      0.94        50
         103       0.85      0.58      0.69        50
         104       0.94      0.68      0.79        50
         105       0.88      0.76      0.82        50
         106       0.93      0.54      0.68        50
         107       0.66      0.80      0.72        50
         108       0.73      0.64      0.68        50
         109       0.79      0.90      0.84        50
         110       0.62      0.84      0.71        50
         111       0.75      0.86      0.80        50
         112       0.62      0.60      0.61        50
         113       0.63      0.82      0.71        50
         114       0.74      0.58      0.65        50
         115       0.68      0.64      0.66        50
         116       0.72      0.82      0.77        50
         117       0.89      0.78      0.83        50
         118       0.67      0.66      0.67        50
         119       0.56      0.44      0.49        50
         120       0.62      0.58      0.60        50
         121       0.75      0.80      0.78        50
         122       0.83      0.70      0.76        50
         123       0.77      0.60      0.67        50
         124       0.47      0.40      0.43        50
         125       0.72      0.62      0.67        50
         126       0.67      0.56      0.61        50
         127       0.92      0.88      0.90        50
         128       0.79      0.76      0.78        50
         129       0.92      0.96      0.94        50
         130       0.94      0.90      0.92        50
         131       0.88      0.92      0.90        50
         132       0.82      0.90      0.86        50
         133       0.93      0.80      0.86        50
         134       0.77      0.68      0.72        50
         135       0.90      0.94      0.92        50
         136       0.90      0.94      0.92        50
         137       0.90      0.90      0.90        50
         138       0.98      0.84      0.90        50
         139       0.68      1.00      0.81        50
         140       0.75      0.82      0.78        50
         141       0.75      0.92      0.83        50
         142       1.00      0.52      0.68        50
         143       0.92      0.88      0.90        50
         144       0.73      0.88      0.80        50
         145       1.00      0.86      0.92        50
         146       0.98      0.84      0.90        50
         147       0.70      0.84      0.76        50
         148       0.83      0.90      0.87        50
         149       0.76      0.82      0.79        50
         150       0.84      0.72      0.77        50
         151       0.59      0.60      0.59        50
         152       0.88      0.86      0.87        50
         153       0.66      0.62      0.64        50
         154       0.76      0.78      0.77        50
         155       0.67      0.66      0.67        50
         156       0.84      0.84      0.84        50
         157       0.91      0.80      0.85        50
         158       0.70      0.56      0.62        50
         159       0.49      0.78      0.60        50
         160       0.82      0.80      0.81        50
         161       0.77      0.66      0.71        50
         162       0.63      0.72      0.67        50
         163       0.79      0.38      0.51        50
         164       0.91      0.64      0.75        50
         165       0.64      0.58      0.61        50
         166       0.56      0.62      0.59        50
         167       0.59      0.32      0.42        50
         168       0.74      0.56      0.64        50
         169       0.71      0.90      0.80        50
         170       0.55      0.64      0.59        50
         171       0.81      0.70      0.75        50
         172       0.61      0.68      0.64        50
         173       0.73      0.64      0.68        50
         174       0.80      0.74      0.77        50
         175       0.69      0.48      0.56        50
         176       0.73      0.76      0.75        50
         177       0.80      0.72      0.76        50
         178       0.77      0.86      0.81        50
         179       0.73      0.54      0.62        50
         180       0.48      0.50      0.49        50
         181       0.83      0.88      0.85        50
         182       0.69      0.76      0.72        50
         183       0.75      0.82      0.78        50
         184       0.60      0.54      0.57        50
         185       0.60      0.58      0.59        50
         186       0.60      0.50      0.54        50
         187       0.57      0.32      0.41        50
         188       0.78      0.78      0.78        50
         189       0.60      0.62      0.61        50
         190       0.85      0.88      0.86        50
         191       0.79      0.68      0.73        50
         192       0.54      0.70      0.61        50
         193       0.29      0.54      0.38        50
         194       1.00      0.70      0.82        50
         195       0.83      0.88      0.85        50
         196       0.35      0.72      0.47        50
         197       0.68      0.50      0.57        50
         198       0.70      0.38      0.49        50
         199       0.85      0.70      0.77        50
         200       0.48      0.58      0.53        50
         201       0.79      0.44      0.56        50
         202       0.67      0.68      0.67        50
         203       0.63      0.88      0.73        50
         204       0.60      0.64      0.62        50
         205       0.64      0.70      0.67        50
         206       0.80      0.82      0.81        50
         207       0.44      0.80      0.57        50
         208       0.55      0.52      0.54        50
         209       0.66      0.82      0.73        50
         210       0.76      0.90      0.83        50
         211       0.86      0.50      0.63        50
         212       0.77      0.54      0.64        50
         213       0.70      0.78      0.74        50
         214       0.85      0.78      0.81        50
         215       0.44      0.86      0.58        50
         216       0.90      0.86      0.88        50
         217       0.62      0.92      0.74        50
         218       0.87      0.68      0.76        50
         219       0.56      0.68      0.61        50
         220       1.00      0.64      0.78        50
         221       0.77      0.94      0.85        50
         222       0.76      0.56      0.64        50
         223       0.69      0.72      0.71        50
         224       0.52      0.88      0.65        50
         225       0.79      0.84      0.82        50
         226       0.59      0.48      0.53        50
         227       0.49      0.74      0.59        50
         228       0.90      0.74      0.81        50
         229       0.48      0.94      0.64        50
         230       0.53      0.80      0.64        50
         231       0.51      0.50      0.51        50
         232       0.58      0.72      0.64        50
         233       0.77      0.48      0.59        50
         234       0.61      0.84      0.71        50
         235       0.81      0.70      0.75        50
         236       0.72      0.56      0.63        50
         237       0.65      0.62      0.63        50
         238       0.48      0.60      0.53        50
         239       0.76      0.90      0.83        50
         240       0.38      0.42      0.40        50
         241       0.68      0.56      0.62        50
         242       0.69      0.72      0.71        50
         243       0.84      0.72      0.77        50
         244       0.91      0.86      0.89        50
         245       0.75      0.72      0.73        50
         246       0.60      0.48      0.53        50
         247       0.86      0.88      0.87        50
         248       0.49      0.44      0.46        50
         249       0.63      0.58      0.60        50
         250       0.48      0.54      0.51        50
         251       0.88      0.92      0.90        50
         252       0.68      0.88      0.77        50
         253       0.89      0.84      0.87        50
         254       0.82      0.94      0.88        50
         255       0.89      0.96      0.92        50
         256       0.68      0.72      0.70        50
         257       0.79      0.66      0.72        50
         258       0.67      0.98      0.80        50
         259       0.88      0.84      0.86        50
         260       0.97      0.76      0.85        50
         261       0.75      0.88      0.81        50
         262       0.89      0.78      0.83        50
         263       0.69      0.66      0.67        50
         264       0.57      0.62      0.60        50
         265       0.52      0.54      0.53        50
         266       0.81      0.26      0.39        50
         267       0.69      0.82      0.75        50
         268       0.89      0.84      0.87        50
         269       0.49      0.70      0.58        50
         270       0.68      0.86      0.76        50
         271       0.55      0.44      0.49        50
         272       0.65      0.40      0.49        50
         273       0.69      0.66      0.67        50
         274       0.80      0.86      0.83        50
         275       0.94      0.90      0.92        50
         276       0.95      0.82      0.88        50
         277       0.57      0.46      0.51        50
         278       0.44      0.74      0.55        50
         279       0.82      0.74      0.78        50
         280       0.71      0.40      0.51        50
         281       0.48      0.42      0.45        50
         282       0.24      0.16      0.19        50
         283       0.74      0.90      0.81        50
         284       0.75      0.88      0.81        50
         285       0.47      0.44      0.45        50
         286       0.86      0.86      0.86        50
         287       0.67      0.68      0.67        50
         288       0.68      0.68      0.68        50
         289       0.92      0.90      0.91        50
         290       0.63      0.74      0.68        50
         291       0.95      0.82      0.88        50
         292       0.77      0.80      0.78        50
         293       0.87      0.82      0.85        50
         294       0.81      0.94      0.87        50
         295       0.55      0.78      0.64        50
         296       0.70      0.88      0.78        50
         297       0.72      0.76      0.74        50
         298       0.64      0.70      0.67        50
         299       0.87      0.66      0.75        50
         300       0.80      0.86      0.83        50
         301       0.70      0.88      0.78        50
         302       0.62      0.64      0.63        50
         303       0.77      0.68      0.72        50
         304       0.84      0.42      0.56        50
         305       0.72      0.86      0.78        50
         306       0.91      0.78      0.84        50
         307       0.90      0.76      0.83        50
         308       0.83      0.68      0.75        50
         309       0.72      0.68      0.70        50
         310       0.60      0.62      0.61        50
         311       0.47      0.68      0.55        50
         312       0.48      0.26      0.34        50
         313       0.74      0.50      0.60        50
         314       0.67      0.66      0.67        50
         315       0.53      0.64      0.58        50
         316       0.83      0.76      0.79        50
         317       0.79      0.82      0.80        50
         318       0.82      0.74      0.78        50
         319       0.89      0.68      0.77        50
         320       0.80      0.90      0.85        50
         321       0.90      0.86      0.88        50
         322       0.87      0.90      0.88        50
         323       0.98      0.90      0.94        50
         324       0.92      0.88      0.90        50
         325       0.93      0.82      0.87        50
         326       0.64      0.94      0.76        50
         327       0.65      0.80      0.71        50
         328       0.81      0.68      0.74        50
         329       0.70      0.62      0.66        50
         330       0.70      0.74      0.72        50
         331       0.76      0.70      0.73        50
         332       0.75      0.88      0.81        50
         333       0.71      0.96      0.81        50
         334       0.75      0.86      0.80        50
         335       0.71      0.80      0.75        50
         336       0.75      0.90      0.82        50
         337       0.70      0.78      0.74        50
         338       0.73      0.66      0.69        50
         339       0.91      0.96      0.93        50
         340       0.98      0.94      0.96        50
         341       0.75      0.36      0.49        50
         342       0.60      0.72      0.65        50
         343       0.89      0.82      0.85        50
         344       0.81      0.78      0.80        50
         345       0.67      0.48      0.56        50
         346       0.74      0.68      0.71        50
         347       0.75      0.88      0.81        50
         348       0.70      0.38      0.49        50
         349       0.59      0.76      0.67        50
         350       0.85      0.94      0.90        50
         351       0.89      0.94      0.91        50
         352       0.75      0.78      0.76        50
         353       0.81      0.58      0.67        50
         354       0.78      0.86      0.82        50
         355       0.86      0.74      0.80        50
         356       0.42      0.46      0.44        50
         357       0.72      0.66      0.69        50
         358       0.41      0.52      0.46        50
         359       0.67      0.44      0.53        50
         360       0.74      0.64      0.69        50
         361       0.79      0.88      0.83        50
         362       0.65      0.86      0.74        50
         363       0.68      0.82      0.75        50
         364       0.74      0.90      0.81        50
         365       0.85      0.78      0.81        50
         366       0.81      0.70      0.75        50
         367       0.72      0.68      0.70        50
         368       0.86      0.64      0.74        50
         369       0.69      0.66      0.67        50
         370       0.70      0.78      0.74        50
         371       0.82      0.62      0.70        50
         372       0.60      0.82      0.69        50
         373       0.65      0.60      0.63        50
         374       0.86      0.50      0.63        50
         375       0.72      0.86      0.78        50
         376       0.85      0.94      0.90        50
         377       0.86      0.74      0.80        50
         378       0.71      0.60      0.65        50
         379       0.70      0.56      0.62        50
         380       0.66      0.42      0.51        50
         381       0.38      0.42      0.40        50
         382       0.51      0.88      0.64        50
         383       0.85      0.66      0.74        50
         384       0.66      0.78      0.72        50
         385       0.43      0.54      0.48        50
         386       0.85      0.44      0.58        50
         387       0.92      0.94      0.93        50
         388       0.94      0.88      0.91        50
         389       0.75      0.82      0.78        50
         390       0.59      0.58      0.59        50
         391       0.69      0.80      0.74        50
         392       0.92      0.92      0.92        50
         393       1.00      0.70      0.82        50
         394       0.73      0.70      0.71        50
         395       0.56      0.70      0.62        50
         396       0.78      0.90      0.83        50
         397       0.77      0.82      0.80        50
         398       0.77      0.74      0.76        50
         399       0.54      0.76      0.63        50
         400       0.30      0.50      0.38        50
         401       0.63      0.58      0.60        50
         402       0.64      0.46      0.53        50
         403       0.77      0.60      0.67        50
         404       0.71      0.84      0.77        50
         405       0.73      0.80      0.76        50
         406       0.55      0.68      0.61        50
         407       0.70      0.76      0.73        50
         408       0.50      0.68      0.58        50
         409       0.41      0.84      0.55        50
         410       0.78      0.80      0.79        50
         411       0.63      0.68      0.65        50
         412       0.38      0.50      0.43        50
         413       0.42      0.70      0.52        50
         414       0.46      0.24      0.32        50
         415       0.26      0.34      0.30        50
         416       0.67      0.84      0.74        50
         417       0.93      0.74      0.82        50
         418       0.50      0.40      0.44        50
         419       0.52      0.46      0.49        50
         420       0.90      0.74      0.81        50
         421       0.58      0.66      0.62        50
         422       0.58      0.56      0.57        50
         423       0.79      0.68      0.73        50
         424       0.49      0.34      0.40        50
         425       0.67      0.94      0.78        50
         426       0.72      0.76      0.74        50
         427       0.73      0.54      0.62        50
         428       0.51      0.62      0.56        50
         429       0.62      0.80      0.70        50
         430       0.95      0.72      0.82        50
         431       0.65      0.64      0.65        50
         432       0.75      0.72      0.73        50
         433       0.56      0.70      0.62        50
         434       0.71      0.40      0.51        50
         435       0.42      0.30      0.35        50
         436       0.47      0.70      0.56        50
         437       0.86      0.74      0.80        50
         438       0.66      0.54      0.59        50
         439       0.68      0.86      0.76        50
         440       0.70      0.52      0.60        50
         441       0.54      0.42      0.47        50
         442       0.48      0.58      0.53        50
         443       0.77      0.54      0.64        50
         444       0.80      0.66      0.73        50
         445       0.46      0.26      0.33        50
         446       0.61      0.34      0.44        50
         447       0.67      0.40      0.50        50
         448       0.66      0.76      0.70        50
         449       0.78      0.64      0.70        50
         450       0.65      0.78      0.71        50
         451       0.87      0.80      0.83        50
         452       0.60      0.54      0.57        50
         453       0.60      0.62      0.61        50
         454       0.44      0.38      0.41        50
         455       0.70      0.42      0.53        50
         456       0.59      0.60      0.59        50
         457       0.65      0.48      0.55        50
         458       0.85      0.82      0.84        50
         459       0.57      0.50      0.53        50
         460       0.58      0.56      0.57        50
         461       0.69      0.22      0.33        50
         462       0.52      0.60      0.56        50
         463       0.47      0.52      0.50        50
         464       0.41      0.30      0.34        50
         465       0.75      0.48      0.59        50
         466       0.90      0.92      0.91        50
         467       0.78      0.62      0.69        50
         468       0.93      0.56      0.70        50
         469       0.38      0.46      0.42        50
         470       0.62      0.52      0.57        50
         471       0.85      0.80      0.82        50
         472       0.81      0.84      0.82        50
         473       0.71      0.60      0.65        50
         474       0.59      0.54      0.56        50
         475       0.78      0.92      0.84        50
         476       0.88      0.86      0.87        50
         477       0.43      0.62      0.51        50
         478       0.45      0.26      0.33        50
         479       0.58      0.36      0.44        50
         480       0.72      0.58      0.64        50
         481       0.44      0.58      0.50        50
         482       0.36      0.36      0.36        50
         483       0.87      0.52      0.65        50
         484       0.56      0.70      0.62        50
         485       0.43      0.24      0.31        50
         486       0.67      0.72      0.69        50
         487       0.58      0.74      0.65        50
         488       0.24      0.20      0.22        50
         489       0.60      0.52      0.56        50
         490       0.79      0.52      0.63        50
         491       0.77      0.72      0.74        50
         492       0.65      0.60      0.63        50
         493       0.72      0.36      0.48        50
         494       0.55      0.46      0.50        50
         495       0.76      0.78      0.77        50
         496       0.52      0.94      0.67        50
         497       0.61      0.44      0.51        50
         498       0.64      0.46      0.53        50
         499       0.36      0.24      0.29        50
         500       0.60      0.98      0.74        50
         501       0.50      0.26      0.34        50
         502       0.75      0.54      0.63        50
         503       0.64      0.56      0.60        50
         504       0.44      0.44      0.44        50
         505       0.38      0.62      0.47        50
         506       0.41      0.58      0.48        50
         507       0.79      0.60      0.68        50
         508       0.44      0.72      0.55        50
         509       0.56      0.44      0.49        50
         510       0.90      0.72      0.80        50
         511       0.63      0.72      0.67        50
         512       0.75      0.78      0.76        50
         513       0.50      0.52      0.51        50
         514       0.62      0.52      0.57        50
         515       0.67      0.48      0.56        50
         516       0.40      0.32      0.36        50
         517       0.83      0.60      0.70        50
         518       0.47      0.84      0.60        50
         519       0.66      0.38      0.48        50
         520       0.69      0.74      0.71        50
         521       0.68      0.72      0.70        50
         522       0.69      0.68      0.69        50
         523       0.40      0.44      0.42        50
         524       0.45      0.58      0.50        50
         525       0.55      0.80      0.65        50
         526       0.56      0.46      0.51        50
         527       0.53      0.40      0.45        50
         528       0.95      0.74      0.83        50
         529       0.68      0.50      0.57        50
         530       0.57      0.56      0.57        50
         531       0.66      0.62      0.64        50
         532       0.89      0.64      0.74        50
         533       0.78      0.90      0.83        50
         534       0.49      0.54      0.51        50
         535       0.82      0.80      0.81        50
         536       0.38      0.42      0.40        50
         537       0.85      0.90      0.87        50
         538       0.58      0.76      0.66        50
         539       0.35      0.52      0.42        50
         540       0.91      0.80      0.85        50
         541       0.73      0.22      0.34        50
         542       0.60      0.30      0.40        50
         543       0.40      0.38      0.39        50
         544       0.69      0.44      0.54        50
         545       0.76      0.68      0.72        50
         546       0.68      0.54      0.60        50
         547       0.93      0.56      0.70        50
         548       0.91      0.78      0.84        50
         549       0.38      0.54      0.44        50
         550       0.82      0.64      0.72        50
         551       0.68      0.60      0.64        50
         552       0.80      0.70      0.74        50
         553       0.63      0.76      0.69        50
         554       0.75      0.96      0.84        50
         555       0.59      0.88      0.70        50
         556       0.82      0.36      0.50        50
         557       0.73      0.74      0.73        50
         558       0.67      0.28      0.39        50
         559       0.52      0.68      0.59        50
         560       0.97      0.70      0.81        50
         561       0.92      0.68      0.78        50
         562       0.60      0.80      0.68        50
         563       0.70      0.66      0.68        50
         564       0.70      0.80      0.75        50
         565       0.96      0.96      0.96        50
         566       0.83      0.70      0.76        50
         567       0.30      0.60      0.40        50
         568       0.70      0.88      0.78        50
         569       0.68      0.92      0.78        50
         570       0.49      0.62      0.55        50
         571       0.80      0.72      0.76        50
         572       0.40      0.72      0.52        50
         573       0.91      0.78      0.84        50
         574       0.88      0.74      0.80        50
         575       0.61      0.68      0.64        50
         576       0.88      0.92      0.90        50
         577       0.69      0.70      0.69        50
         578       0.53      0.64      0.58        50
         579       0.46      0.72      0.56        50
         580       0.64      0.74      0.69        50
         581       0.58      0.76      0.66        50
         582       0.49      0.58      0.53        50
         583       0.72      0.62      0.67        50
         584       0.38      0.38      0.38        50
         585       0.52      0.28      0.36        50
         586       0.86      0.72      0.78        50
         587       0.44      0.60      0.51        50
         588       0.70      0.46      0.55        50
         589       0.45      0.66      0.53        50
         590       0.89      0.50      0.64        50
         591       0.57      0.70      0.63        50
         592       0.61      0.72      0.66        50
         593       0.68      0.60      0.64        50
         594       0.54      0.88      0.67        50
         595       0.67      0.58      0.62        50
         596       0.60      0.42      0.49        50
         597       0.69      0.70      0.69        50
         598       0.58      0.76      0.66        50
         599       0.64      0.50      0.56        50
         600       0.33      0.18      0.23        50
         601       0.70      0.46      0.55        50
         602       0.58      0.68      0.62        50
         603       0.79      0.62      0.70        50
         604       0.96      0.88      0.92        50
         605       0.70      0.74      0.72        50
         606       0.38      0.80      0.52        50
         607       0.98      0.82      0.89        50
         608       0.50      0.64      0.56        50
         609       0.57      0.78      0.66        50
         610       0.74      0.74      0.74        50
         611       0.71      0.78      0.74        50
         612       0.84      0.82      0.83        50
         613       0.90      0.54      0.68        50
         614       0.73      0.72      0.73        50
         615       0.61      0.60      0.61        50
         616       0.75      0.66      0.70        50
         617       0.51      0.64      0.57        50
         618       0.22      0.16      0.18        50
         619       0.71      0.34      0.46        50
         620       0.27      0.14      0.18        50
         621       0.77      0.74      0.76        50
         622       0.64      0.54      0.59        50
         623       0.44      0.32      0.37        50
         624       0.52      0.62      0.56        50
         625       0.69      0.90      0.78        50
         626       0.62      0.52      0.57        50
         627       0.63      0.88      0.73        50
         628       0.67      0.88      0.76        50
         629       0.63      0.62      0.63        50
         630       0.50      0.88      0.64        50
         631       0.56      0.66      0.61        50
         632       0.48      0.50      0.49        50
         633       0.50      0.16      0.24        50
         634       0.53      0.70      0.60        50
         635       0.64      0.46      0.53        50
         636       0.55      0.70      0.61        50
         637       0.92      0.46      0.61        50
         638       0.23      0.10      0.14        50
         639       0.32      0.48      0.39        50
         640       0.86      0.88      0.87        50
         641       0.56      0.62      0.59        50
         642       0.82      0.82      0.82        50
         643       0.47      0.34      0.40        50
         644       0.72      0.56      0.63        50
         645       0.58      0.98      0.73        50
         646       0.70      0.66      0.68        50
         647       0.58      0.58      0.58        50
         648       0.43      0.60      0.50        50
         649       0.84      0.76      0.80        50
         650       0.45      0.40      0.43        50
         651       0.61      0.44      0.51        50
         652       0.55      0.44      0.49        50
         653       0.75      0.36      0.49        50
         654       0.76      0.74      0.75        50
         655       0.28      0.60      0.38        50
         656       0.62      0.30      0.41        50
         657       0.38      0.56      0.46        50
         658       0.46      0.76      0.58        50
         659       0.32      0.82      0.46        50
         660       0.85      0.66      0.74        50
         661       0.87      0.82      0.85        50
         662       0.71      0.30      0.42        50
         663       0.36      0.48      0.41        50
         664       0.35      0.50      0.41        50
         665       0.78      0.56      0.65        50
         666       0.69      0.72      0.71        50
         667       0.38      0.30      0.33        50
         668       0.87      0.82      0.85        50
         669       0.61      0.90      0.73        50
         670       0.70      0.76      0.73        50
         671       0.62      0.60      0.61        50
         672       0.72      0.88      0.79        50
         673       0.47      0.34      0.40        50
         674       0.57      0.68      0.62        50
         675       0.65      0.44      0.52        50
         676       0.67      0.36      0.47        50
         677       0.46      0.58      0.51        50
         678       0.46      0.62      0.53        50
         679       0.57      0.80      0.67        50
         680       0.69      0.68      0.69        50
         681       0.25      0.34      0.29        50
         682       0.82      0.74      0.78        50
         683       0.42      0.72      0.53        50
         684       0.78      0.78      0.78        50
         685       0.84      0.98      0.91        50
         686       0.72      0.52      0.60        50
         687       0.71      0.82      0.76        50
         688       0.91      0.82      0.86        50
         689       0.58      0.28      0.38        50
         690       0.63      0.78      0.70        50
         691       0.56      0.38      0.45        50
         692       0.41      0.40      0.40        50
         693       0.62      0.68      0.65        50
         694       0.90      0.88      0.89        50
         695       0.82      0.66      0.73        50
         696       0.75      0.54      0.63        50
         697       0.61      0.60      0.61        50
         698       0.56      0.60      0.58        50
         699       0.78      0.64      0.70        50
         700       0.69      0.40      0.51        50
         701       0.87      0.94      0.90        50
         702       0.71      0.60      0.65        50
         703       0.65      0.60      0.63        50
         704       0.86      0.62      0.72        50
         705       0.57      0.52      0.54        50
         706       0.65      0.48      0.55        50
         707       0.71      0.78      0.74        50
         708       0.63      0.54      0.58        50
         709       0.59      0.52      0.55        50
         710       0.22      0.62      0.32        50
         711       0.69      0.44      0.54        50
         712       0.67      0.58      0.62        50
         713       0.72      0.82      0.77        50
         714       0.83      0.68      0.75        50
         715       0.87      0.82      0.85        50
         716       0.85      0.82      0.84        50
         717       0.64      0.72      0.68        50
         718       0.39      0.32      0.35        50
         719       0.70      0.78      0.74        50
         720       0.59      0.68      0.63        50
         721       0.89      0.68      0.77        50
         722       0.70      0.76      0.73        50
         723       0.65      0.86      0.74        50
         724       0.73      0.76      0.75        50
         725       0.62      0.30      0.41        50
         726       0.94      0.62      0.75        50
         727       0.74      0.84      0.79        50
         728       0.28      0.44      0.34        50
         729       0.62      0.42      0.50        50
         730       0.51      0.70      0.59        50
         731       0.47      0.44      0.45        50
         732       0.75      0.78      0.76        50
         733       0.58      0.22      0.32        50
         734       0.61      0.74      0.67        50
         735       0.58      0.56      0.57        50
         736       0.79      0.74      0.76        50
         737       0.50      0.56      0.53        50
         738       0.57      0.74      0.64        50
         739       0.82      0.80      0.81        50
         740       0.38      0.42      0.40        50
         741       0.87      0.66      0.75        50
         742       0.38      0.56      0.46        50
         743       0.55      0.66      0.60        50
         744       0.38      0.12      0.18        50
         745       0.68      0.52      0.59        50
         746       0.65      0.86      0.74        50
         747       0.71      0.58      0.64        50
         748       0.37      0.22      0.27        50
         749       0.74      0.70      0.72        50
         750       0.58      0.70      0.64        50
         751       0.87      0.40      0.55        50
         752       0.79      0.68      0.73        50
         753       0.56      0.72      0.63        50
         754       0.47      0.42      0.44        50
         755       0.76      0.78      0.77        50
         756       0.54      0.78      0.64        50
         757       0.84      0.76      0.80        50
         758       0.76      0.44      0.56        50
         759       0.67      0.68      0.67        50
         760       0.59      0.64      0.62        50
         761       0.65      0.60      0.63        50
         762       0.50      0.42      0.46        50
         763       0.89      0.84      0.87        50
         764       0.86      0.24      0.38        50
         765       0.85      0.44      0.58        50
         766       0.73      0.74      0.73        50
         767       0.42      0.40      0.41        50
         768       0.83      0.80      0.82        50
         769       0.83      0.50      0.62        50
         770       0.59      0.82      0.68        50
         771       0.95      0.76      0.84        50
         772       0.70      0.32      0.44        50
         773       0.74      0.64      0.69        50
         774       0.75      0.42      0.54        50
         775       0.74      0.52      0.61        50
         776       0.61      0.68      0.64        50
         777       0.73      0.64      0.68        50
         778       0.71      0.54      0.61        50
         779       0.91      0.82      0.86        50
         780       0.60      0.66      0.63        50
         781       0.67      0.84      0.74        50
         782       0.26      0.18      0.21        50
         783       0.79      0.88      0.83        50
         784       0.60      0.18      0.28        50
         785       0.49      0.70      0.57        50
         786       0.56      0.68      0.61        50
         787       0.36      0.42      0.39        50
         788       0.58      0.76      0.66        50
         789       0.81      0.76      0.78        50
         790       0.66      0.54      0.59        50
         791       0.77      0.68      0.72        50
         792       0.40      0.38      0.39        50
         793       0.78      0.62      0.69        50
         794       0.43      0.62      0.51        50
         795       0.57      0.80      0.67        50
         796       0.91      0.58      0.71        50
         797       0.59      0.44      0.51        50
         798       0.71      0.80      0.75        50
         799       0.41      0.22      0.29        50
         800       0.87      0.90      0.88        50
         801       0.70      0.84      0.76        50
         802       0.88      0.88      0.88        50
         803       0.91      0.78      0.84        50
         804       0.59      0.48      0.53        50
         805       0.83      0.76      0.79        50
         806       0.60      0.58      0.59        50
         807       0.39      0.84      0.54        50
         808       0.58      0.58      0.58        50
         809       0.38      0.50      0.43        50
         810       0.59      0.38      0.46        50
         811       0.61      0.40      0.48        50
         812       0.73      0.88      0.80        50
         813       0.67      0.28      0.39        50
         814       0.80      0.82      0.81        50
         815       0.70      0.60      0.65        50
         816       0.84      0.76      0.80        50
         817       0.45      0.82      0.58        50
         818       0.27      0.32      0.29        50
         819       0.27      0.70      0.39        50
         820       0.98      0.80      0.88        50
         821       0.72      0.82      0.77        50
         822       0.81      0.68      0.74        50
         823       0.57      0.50      0.53        50
         824       0.39      0.50      0.44        50
         825       0.92      0.66      0.77        50
         826       0.79      0.44      0.56        50
         827       0.39      0.46      0.42        50
         828       0.40      0.50      0.45        50
         829       0.71      0.82      0.76        50
         830       0.59      0.32      0.42        50
         831       0.56      0.70      0.62        50
         832       0.95      0.80      0.87        50
         833       0.66      0.66      0.66        50
         834       0.26      0.42      0.32        50
         835       0.72      0.42      0.53        50
         836       0.10      0.04      0.06        50
         837       0.22      0.26      0.24        50
         838       0.27      0.12      0.17        50
         839       0.38      0.62      0.47        50
         840       0.62      0.68      0.65        50
         841       0.47      0.28      0.35        50
         842       0.49      0.40      0.44        50
         843       0.52      0.64      0.57        50
         844       0.63      0.48      0.55        50
         845       0.28      0.66      0.39        50
         846       0.52      0.74      0.61        50
         847       0.76      0.64      0.70        50
         848       0.25      0.28      0.26        50
         849       0.66      0.70      0.68        50
         850       0.66      0.86      0.75        50
         851       0.62      0.58      0.60        50
         852       0.78      0.64      0.70        50
         853       0.75      0.78      0.76        50
         854       0.56      0.84      0.67        50
         855       0.46      0.66      0.54        50
         856       0.52      0.68      0.59        50
         857       0.59      0.64      0.62        50
         858       0.74      0.50      0.60        50
         859       0.90      0.52      0.66        50
         860       0.60      0.24      0.34        50
         861       0.62      0.66      0.64        50
         862       0.69      0.44      0.54        50
         863       0.88      0.86      0.87        50
         864       0.52      0.62      0.56        50
         865       0.42      0.58      0.49        50
         866       0.69      0.50      0.58        50
         867       0.68      0.60      0.64        50
         868       0.33      0.38      0.35        50
         869       0.49      0.54      0.51        50
         870       0.76      0.78      0.77        50
         871       0.60      0.64      0.62        50
         872       0.52      0.64      0.57        50
         873       0.82      0.82      0.82        50
         874       0.73      0.96      0.83        50
         875       0.81      0.42      0.55        50
         876       0.29      0.30      0.30        50
         877       0.84      0.52      0.64        50
         878       0.66      0.66      0.66        50
         879       0.46      0.54      0.50        50
         880       0.46      0.84      0.60        50
         881       0.77      0.68      0.72        50
         882       0.59      0.68      0.63        50
         883       0.54      0.40      0.46        50
         884       0.58      0.74      0.65        50
         885       0.20      0.16      0.18        50
         886       0.86      0.76      0.81        50
         887       0.61      0.46      0.52        50
         888       0.78      0.76      0.77        50
         889       0.81      0.52      0.63        50
         890       0.79      0.88      0.83        50
         891       0.63      0.72      0.67        50
         892       0.75      0.18      0.29        50
         893       0.32      0.62      0.42        50
         894       0.46      0.68      0.55        50
         895       0.43      0.76      0.55        50
         896       0.66      0.76      0.70        50
         897       0.59      0.86      0.70        50
         898       0.54      0.40      0.46        50
         899       0.23      0.26      0.25        50
         900       0.98      0.86      0.91        50
         901       1.00      0.60      0.75        50
         902       0.82      0.54      0.65        50
         903       0.46      0.84      0.59        50
         904       0.51      0.66      0.57        50
         905       0.44      0.40      0.42        50
         906       0.49      0.42      0.45        50
         907       0.57      0.50      0.53        50
         908       0.66      0.42      0.51        50
         909       0.46      0.12      0.19        50
         910       0.36      0.58      0.44        50
         911       0.48      0.30      0.37        50
         912       0.63      0.68      0.65        50
         913       0.86      0.60      0.71        50
         914       0.68      0.82      0.75        50
         915       0.87      0.80      0.83        50
         916       0.79      0.96      0.86        50
         917       0.60      0.62      0.61        50
         918       0.79      0.74      0.76        50
         919       0.67      0.68      0.67        50
         920       0.77      0.66      0.71        50
         921       0.58      0.64      0.61        50
         922       0.73      0.80      0.76        50
         923       0.48      0.26      0.34        50
         924       0.69      0.62      0.65        50
         925       0.67      0.36      0.47        50
         926       0.63      0.54      0.58        50
         927       0.83      0.90      0.87        50
         928       0.40      0.70      0.51        50
         929       0.53      0.50      0.52        50
         930       0.54      0.42      0.47        50
         931       0.47      0.56      0.51        50
         932       0.80      0.56      0.66        50
         933       0.84      0.72      0.77        50
         934       0.59      0.68      0.63        50
         935       0.63      0.54      0.58        50
         936       0.73      0.86      0.79        50
         937       0.71      0.84      0.77        50
         938       0.56      0.88      0.68        50
         939       0.44      0.78      0.57        50
         940       0.73      0.70      0.71        50
         941       0.78      0.62      0.69        50
         942       0.70      0.70      0.70        50
         943       0.59      0.40      0.48        50
         944       0.94      0.64      0.76        50
         945       0.64      0.90      0.75        50
         946       0.67      0.92      0.77        50
         947       0.43      0.42      0.42        50
         948       0.58      0.86      0.69        50
         949       0.60      0.66      0.63        50
         950       0.72      0.58      0.64        50
         951       0.80      0.64      0.71        50
         952       0.81      0.70      0.75        50
         953       0.92      0.70      0.80        50
         954       0.90      0.76      0.83        50
         955       0.88      0.84      0.86        50
         956       0.84      0.84      0.84        50
         957       0.90      0.74      0.81        50
         958       0.89      0.82      0.85        50
         959       0.89      0.80      0.84        50
         960       0.53      0.36      0.43        50
         961       0.44      0.32      0.37        50
         962       0.63      0.54      0.58        50
         963       0.81      0.70      0.75        50
         964       0.60      0.56      0.58        50
         965       0.79      0.54      0.64        50
         966       0.60      0.36      0.45        50
         967       0.69      0.54      0.61        50
         968       0.50      0.22      0.31        50
         969       0.56      0.28      0.37        50
         970       0.69      0.54      0.61        50
         971       0.49      0.78      0.60        50
         972       0.50      0.42      0.46        50
         973       0.43      0.76      0.55        50
         974       0.93      0.84      0.88        50
         975       0.53      0.36      0.43        50
         976       0.51      0.46      0.48        50
         977       0.47      0.70      0.56        50
         978       0.58      0.14      0.23        50
         979       0.55      0.68      0.61        50
         980       0.56      0.84      0.67        50
         981       0.81      0.60      0.69        50
         982       0.42      0.66      0.52        50
         983       0.89      0.62      0.73        50
         984       0.98      0.88      0.93        50
         985       0.87      0.96      0.91        50
         986       0.96      1.00      0.98        50
         987       0.38      0.22      0.28        50
         988       0.77      0.86      0.81        50
         989       0.75      0.92      0.83        50
         990       0.81      0.76      0.78        50
         991       0.78      0.94      0.85        50
         992       0.67      0.70      0.69        50
         993       0.98      0.92      0.95        50
         994       0.77      0.82      0.80        50
         995       0.94      1.00      0.97        50
         996       0.65      0.78      0.71        50
         997       0.69      0.74      0.71        50
         998       0.43      0.60      0.50        50
         999       0.35      0.40      0.37        50

    accuracy                           0.66     50000
   macro avg       0.68      0.66      0.65     50000
weighted avg       0.68      0.66      0.65     50000

