Accuracy : 0.674840

F1 score : 0.672899

Precision score : 0.691879

Sensitivity score : 0.674840

Classification report : 
              precision    recall  f1-score   support

           0       0.98      0.90      0.94        50
           1       0.86      0.86      0.86        50
           2       0.78      0.64      0.70        50
           3       0.56      0.86      0.68        50
           4       0.82      0.80      0.81        50
           5       0.82      0.54      0.65        50
           6       0.69      0.76      0.72        50
           7       0.89      0.68      0.77        50
           8       0.74      0.78      0.76        50
           9       0.92      0.98      0.95        50
          10       0.94      0.90      0.92        50
          11       0.91      0.96      0.93        50
          12       0.84      0.92      0.88        50
          13       0.88      0.92      0.90        50
          14       0.94      0.92      0.93        50
          15       0.96      0.94      0.95        50
          16       0.95      0.72      0.82        50
          17       1.00      0.80      0.89        50
          18       0.88      0.88      0.88        50
          19       0.70      0.94      0.80        50
          20       0.78      0.86      0.82        50
          21       0.79      0.66      0.72        50
          22       0.82      0.98      0.89        50
          23       0.79      0.82      0.80        50
          24       0.94      0.96      0.95        50
          25       0.90      0.94      0.92        50
          26       0.53      0.62      0.57        50
          27       0.92      0.68      0.78        50
          28       0.79      0.84      0.82        50
          29       0.86      0.86      0.86        50
          30       0.82      0.74      0.78        50
          31       0.73      0.70      0.71        50
          32       0.56      0.36      0.44        50
          33       0.79      0.62      0.70        50
          34       0.73      0.48      0.58        50
          35       0.40      0.58      0.48        50
          36       0.54      0.58      0.56        50
          37       0.69      0.76      0.72        50
          38       0.94      0.60      0.73        50
          39       0.62      0.86      0.72        50
          40       0.57      0.56      0.57        50
          41       0.81      0.88      0.85        50
          42       0.72      0.62      0.67        50
          43       0.81      0.86      0.83        50
          44       0.64      0.58      0.61        50
          45       0.92      0.70      0.80        50
          46       0.47      0.28      0.35        50
          47       0.86      0.62      0.72        50
          48       0.75      0.84      0.79        50
          49       0.73      0.64      0.68        50
          50       0.69      0.72      0.71        50
          51       0.84      0.76      0.80        50
          52       0.57      0.62      0.60        50
          53       0.70      0.74      0.72        50
          54       0.79      0.38      0.51        50
          55       0.48      0.56      0.52        50
          56       0.77      0.72      0.74        50
          57       0.87      0.80      0.83        50
          58       0.56      0.58      0.57        50
          59       0.71      0.64      0.67        50
          60       0.29      0.34      0.31        50
          61       0.76      0.62      0.68        50
          62       0.42      0.76      0.54        50
          63       0.75      0.76      0.75        50
          64       0.64      0.56      0.60        50
          65       0.66      0.66      0.66        50
          66       0.40      0.40      0.40        50
          67       0.64      0.54      0.59        50
          68       0.54      0.30      0.38        50
          69       0.90      0.88      0.89        50
          70       0.83      0.78      0.80        50
          71       0.71      0.84      0.77        50
          72       0.58      0.72      0.64        50
          73       0.54      0.26      0.35        50
          74       0.39      0.62      0.48        50
          75       0.78      0.78      0.78        50
          76       0.70      0.96      0.81        50
          77       0.55      0.64      0.59        50
          78       0.84      0.72      0.77        50
          79       0.66      0.76      0.70        50
          80       0.94      0.90      0.92        50
          81       0.87      0.80      0.83        50
          82       0.88      0.72      0.79        50
          83       1.00      0.92      0.96        50
          84       0.80      0.94      0.86        50
          85       0.95      0.82      0.88        50
          86       0.72      0.86      0.78        50
          87       0.96      0.92      0.94        50
          88       0.75      0.96      0.84        50
          89       0.94      0.88      0.91        50
          90       0.98      0.90      0.94        50
          91       0.88      0.90      0.89        50
          92       0.92      0.94      0.93        50
          93       0.78      0.92      0.84        50
          94       0.77      0.88      0.82        50
          95       0.94      0.90      0.92        50
          96       0.96      0.86      0.91        50
          97       0.95      0.76      0.84        50
          98       0.96      0.90      0.93        50
          99       0.73      0.76      0.75        50
         100       0.96      0.94      0.95        50
         101       0.46      0.60      0.52        50
         102       0.96      0.88      0.92        50
         103       0.68      0.76      0.72        50
         104       0.72      0.76      0.74        50
         105       0.80      0.82      0.81        50
         106       0.88      0.56      0.68        50
         107       0.79      0.76      0.78        50
         108       0.79      0.52      0.63        50
         109       0.80      0.82      0.81        50
         110       0.70      0.84      0.76        50
         111       0.75      0.90      0.82        50
         112       0.72      0.58      0.64        50
         113       0.82      0.74      0.78        50
         114       0.74      0.70      0.72        50
         115       0.78      0.56      0.65        50
         116       0.89      0.78      0.83        50
         117       0.98      0.86      0.91        50
         118       0.70      0.66      0.68        50
         119       0.54      0.54      0.54        50
         120       0.86      0.60      0.71        50
         121       0.68      0.80      0.73        50
         122       0.85      0.78      0.81        50
         123       0.84      0.64      0.73        50
         124       0.49      0.64      0.56        50
         125       0.69      0.72      0.71        50
         126       0.64      0.56      0.60        50
         127       0.84      0.84      0.84        50
         128       0.90      0.70      0.79        50
         129       0.82      0.94      0.88        50
         130       0.96      0.92      0.94        50
         131       0.76      0.90      0.83        50
         132       0.74      0.90      0.81        50
         133       0.78      0.94      0.85        50
         134       0.80      0.66      0.73        50
         135       0.98      0.92      0.95        50
         136       0.98      0.98      0.98        50
         137       0.85      0.90      0.87        50
         138       0.92      0.96      0.94        50
         139       0.94      0.96      0.95        50
         140       0.72      0.86      0.78        50
         141       0.93      0.78      0.85        50
         142       0.91      0.80      0.85        50
         143       0.87      0.94      0.90        50
         144       0.92      0.92      0.92        50
         145       0.96      0.92      0.94        50
         146       0.89      0.96      0.92        50
         147       0.82      0.82      0.82        50
         148       0.79      0.96      0.86        50
         149       0.91      0.80      0.85        50
         150       0.67      0.76      0.71        50
         151       0.71      0.44      0.54        50
         152       0.87      0.78      0.82        50
         153       0.67      0.78      0.72        50
         154       0.78      0.80      0.79        50
         155       0.61      0.72      0.66        50
         156       0.87      0.92      0.89        50
         157       0.78      0.84      0.81        50
         158       0.83      0.58      0.68        50
         159       0.47      0.78      0.59        50
         160       0.98      0.86      0.91        50
         161       0.76      0.76      0.76        50
         162       0.55      0.72      0.63        50
         163       0.75      0.30      0.43        50
         164       0.72      0.82      0.77        50
         165       0.67      0.68      0.67        50
         166       0.52      0.62      0.56        50
         167       0.58      0.44      0.50        50
         168       0.64      0.56      0.60        50
         169       0.79      0.96      0.86        50
         170       0.78      0.56      0.65        50
         171       0.67      0.86      0.75        50
         172       0.69      0.58      0.63        50
         173       0.74      0.64      0.69        50
         174       0.84      0.82      0.83        50
         175       0.74      0.64      0.69        50
         176       0.68      0.92      0.78        50
         177       0.78      0.86      0.82        50
         178       0.84      0.92      0.88        50
         179       0.81      0.58      0.67        50
         180       0.47      0.42      0.44        50
         181       0.94      0.88      0.91        50
         182       0.83      0.78      0.80        50
         183       0.85      0.68      0.76        50
         184       0.63      0.58      0.60        50
         185       0.51      0.76      0.61        50
         186       0.71      0.44      0.54        50
         187       0.58      0.62      0.60        50
         188       0.97      0.64      0.77        50
         189       0.49      0.70      0.58        50
         190       0.87      0.82      0.85        50
         191       0.79      0.74      0.76        50
         192       0.54      0.84      0.66        50
         193       0.56      0.44      0.49        50
         194       0.76      0.88      0.81        50
         195       0.78      0.94      0.85        50
         196       0.70      0.56      0.62        50
         197       0.57      0.78      0.66        50
         198       0.70      0.78      0.74        50
         199       0.97      0.66      0.79        50
         200       0.62      0.62      0.62        50
         201       0.81      0.60      0.69        50
         202       0.67      0.58      0.62        50
         203       0.75      0.86      0.80        50
         204       0.62      0.68      0.65        50
         205       0.67      0.76      0.71        50
         206       0.86      0.72      0.78        50
         207       0.59      0.82      0.68        50
         208       0.56      0.50      0.53        50
         209       0.81      0.68      0.74        50
         210       0.88      0.60      0.71        50
         211       0.73      0.66      0.69        50
         212       0.59      0.78      0.67        50
         213       0.66      0.86      0.75        50
         214       0.81      0.86      0.83        50
         215       0.64      0.82      0.72        50
         216       0.85      0.82      0.84        50
         217       0.77      0.80      0.78        50
         218       0.83      0.90      0.87        50
         219       0.71      0.68      0.69        50
         220       0.89      0.64      0.74        50
         221       0.84      0.84      0.84        50
         222       0.71      0.68      0.69        50
         223       0.72      0.78      0.75        50
         224       0.76      0.64      0.70        50
         225       0.73      0.82      0.77        50
         226       0.78      0.42      0.55        50
         227       0.54      0.74      0.63        50
         228       0.91      0.78      0.84        50
         229       0.82      0.92      0.87        50
         230       0.58      0.74      0.65        50
         231       0.43      0.60      0.50        50
         232       0.66      0.42      0.51        50
         233       0.77      0.54      0.64        50
         234       0.67      0.90      0.77        50
         235       0.68      0.80      0.73        50
         236       0.67      0.68      0.67        50
         237       0.76      0.62      0.68        50
         238       0.52      0.32      0.40        50
         239       0.72      0.96      0.82        50
         240       0.45      0.42      0.43        50
         241       0.59      0.80      0.68        50
         242       0.77      0.60      0.67        50
         243       0.79      0.82      0.80        50
         244       0.87      0.90      0.88        50
         245       0.95      0.74      0.83        50
         246       0.56      0.38      0.45        50
         247       0.91      0.86      0.89        50
         248       0.46      0.42      0.44        50
         249       0.58      0.76      0.66        50
         250       0.44      0.42      0.43        50
         251       0.90      0.90      0.90        50
         252       0.92      0.88      0.90        50
         253       0.93      0.82      0.87        50
         254       0.94      0.96      0.95        50
         255       0.91      0.98      0.94        50
         256       0.61      0.86      0.72        50
         257       0.52      0.88      0.66        50
         258       0.85      1.00      0.92        50
         259       0.89      0.94      0.91        50
         260       0.98      0.80      0.88        50
         261       0.82      0.84      0.83        50
         262       0.94      0.92      0.93        50
         263       0.78      0.72      0.75        50
         264       0.72      0.68      0.70        50
         265       0.57      0.48      0.52        50
         266       0.61      0.44      0.51        50
         267       0.74      0.74      0.74        50
         268       0.87      0.90      0.88        50
         269       0.50      0.74      0.60        50
         270       0.80      0.80      0.80        50
         271       0.51      0.56      0.53        50
         272       0.70      0.32      0.44        50
         273       0.65      0.68      0.67        50
         274       0.87      0.80      0.83        50
         275       0.96      0.88      0.92        50
         276       0.78      0.90      0.83        50
         277       0.36      0.78      0.49        50
         278       0.76      0.26      0.39        50
         279       0.91      0.96      0.93        50
         280       0.64      0.70      0.67        50
         281       0.36      0.56      0.44        50
         282       0.26      0.22      0.24        50
         283       0.75      0.96      0.84        50
         284       0.89      0.94      0.91        50
         285       0.57      0.24      0.34        50
         286       0.79      0.90      0.84        50
         287       0.71      0.68      0.69        50
         288       0.56      0.80      0.66        50
         289       0.95      0.70      0.80        50
         290       0.68      0.68      0.68        50
         291       0.90      0.92      0.91        50
         292       0.75      0.86      0.80        50
         293       0.90      0.74      0.81        50
         294       0.86      0.88      0.87        50
         295       0.78      0.56      0.65        50
         296       0.91      0.84      0.87        50
         297       0.51      0.78      0.61        50
         298       0.61      0.72      0.66        50
         299       0.84      0.86      0.85        50
         300       0.86      0.84      0.85        50
         301       0.80      0.78      0.79        50
         302       0.68      0.38      0.49        50
         303       0.84      0.62      0.71        50
         304       0.70      0.70      0.70        50
         305       0.89      0.64      0.74        50
         306       0.91      0.78      0.84        50
         307       0.78      0.86      0.82        50
         308       0.72      0.78      0.75        50
         309       0.72      0.76      0.74        50
         310       0.68      0.68      0.68        50
         311       0.52      0.56      0.54        50
         312       0.51      0.50      0.51        50
         313       0.66      0.62      0.64        50
         314       0.58      0.68      0.62        50
         315       0.67      0.58      0.62        50
         316       0.70      0.80      0.75        50
         317       0.72      0.88      0.79        50
         318       0.86      0.86      0.86        50
         319       0.80      0.82      0.81        50
         320       0.79      0.90      0.84        50
         321       0.94      0.88      0.91        50
         322       0.88      0.98      0.92        50
         323       0.98      0.92      0.95        50
         324       0.79      0.98      0.87        50
         325       0.95      0.82      0.88        50
         326       0.97      0.78      0.87        50
         327       0.73      0.80      0.76        50
         328       0.56      0.80      0.66        50
         329       0.85      0.56      0.67        50
         330       0.74      0.70      0.72        50
         331       0.70      0.78      0.74        50
         332       0.92      0.88      0.90        50
         333       0.76      0.96      0.85        50
         334       0.77      0.88      0.82        50
         335       0.93      0.78      0.85        50
         336       0.71      0.88      0.79        50
         337       0.66      0.74      0.70        50
         338       0.82      0.74      0.78        50
         339       0.94      0.94      0.94        50
         340       0.98      0.92      0.95        50
         341       0.70      0.46      0.55        50
         342       0.84      0.72      0.77        50
         343       0.85      0.90      0.87        50
         344       0.84      0.82      0.83        50
         345       0.64      0.46      0.53        50
         346       0.54      0.90      0.67        50
         347       0.96      0.86      0.91        50
         348       0.48      0.56      0.52        50
         349       0.60      0.50      0.54        50
         350       0.97      0.72      0.83        50
         351       0.91      0.96      0.93        50
         352       0.69      0.68      0.69        50
         353       0.67      0.64      0.65        50
         354       0.91      0.80      0.85        50
         355       0.95      0.78      0.86        50
         356       0.43      0.46      0.45        50
         357       0.65      0.72      0.69        50
         358       0.46      0.32      0.38        50
         359       0.52      0.62      0.56        50
         360       0.63      0.74      0.68        50
         361       0.78      0.90      0.83        50
         362       0.83      0.76      0.79        50
         363       0.89      0.82      0.85        50
         364       0.84      0.96      0.90        50
         365       0.88      0.84      0.86        50
         366       0.84      0.74      0.79        50
         367       0.74      0.80      0.77        50
         368       0.67      0.74      0.70        50
         369       0.74      0.70      0.72        50
         370       0.74      0.78      0.76        50
         371       0.59      0.64      0.62        50
         372       0.84      0.82      0.83        50
         373       0.76      0.68      0.72        50
         374       0.78      0.42      0.55        50
         375       0.67      0.82      0.74        50
         376       0.94      0.96      0.95        50
         377       0.76      0.68      0.72        50
         378       0.66      0.70      0.68        50
         379       0.61      0.72      0.66        50
         380       0.63      0.52      0.57        50
         381       0.51      0.38      0.44        50
         382       0.61      0.80      0.69        50
         383       0.80      0.78      0.79        50
         384       0.70      0.56      0.62        50
         385       0.65      0.66      0.65        50
         386       0.90      0.36      0.51        50
         387       0.90      0.92      0.91        50
         388       0.94      0.94      0.94        50
         389       0.81      0.78      0.80        50
         390       0.50      0.54      0.52        50
         391       0.85      0.78      0.81        50
         392       0.89      0.94      0.91        50
         393       0.98      0.80      0.88        50
         394       0.91      0.64      0.75        50
         395       0.71      0.70      0.71        50
         396       0.92      0.94      0.93        50
         397       0.82      0.72      0.77        50
         398       0.78      0.86      0.82        50
         399       0.74      0.68      0.71        50
         400       0.48      0.44      0.46        50
         401       0.54      0.72      0.62        50
         402       0.52      0.50      0.51        50
         403       0.72      0.72      0.72        50
         404       0.62      0.94      0.75        50
         405       0.89      0.80      0.84        50
         406       0.52      0.54      0.53        50
         407       0.91      0.82      0.86        50
         408       0.84      0.52      0.64        50
         409       0.44      0.44      0.44        50
         410       0.74      0.84      0.79        50
         411       0.88      0.60      0.71        50
         412       0.65      0.48      0.55        50
         413       0.63      0.64      0.63        50
         414       0.38      0.36      0.37        50
         415       0.20      0.40      0.26        50
         416       0.76      0.76      0.76        50
         417       0.95      0.74      0.83        50
         418       0.70      0.32      0.44        50
         419       0.52      0.54      0.53        50
         420       0.74      0.84      0.79        50
         421       0.59      0.52      0.55        50
         422       0.73      0.44      0.55        50
         423       0.57      0.82      0.67        50
         424       0.46      0.38      0.42        50
         425       0.71      0.90      0.80        50
         426       0.79      0.74      0.76        50
         427       0.56      0.74      0.64        50
         428       0.52      0.76      0.62        50
         429       0.75      0.72      0.73        50
         430       0.87      0.94      0.90        50
         431       0.61      0.60      0.61        50
         432       0.78      0.70      0.74        50
         433       0.66      0.58      0.62        50
         434       0.41      0.56      0.47        50
         435       0.35      0.44      0.39        50
         436       0.51      0.70      0.59        50
         437       0.84      0.84      0.84        50
         438       0.79      0.46      0.58        50
         439       0.93      0.80      0.86        50
         440       0.67      0.48      0.56        50
         441       0.47      0.54      0.50        50
         442       0.45      0.60      0.52        50
         443       0.72      0.66      0.69        50
         444       0.73      0.80      0.76        50
         445       0.53      0.38      0.44        50
         446       0.68      0.42      0.52        50
         447       0.65      0.48      0.55        50
         448       0.53      0.82      0.64        50
         449       0.91      0.60      0.72        50
         450       0.67      0.84      0.74        50
         451       0.86      0.84      0.85        50
         452       0.45      0.58      0.51        50
         453       0.49      0.68      0.57        50
         454       0.50      0.38      0.43        50
         455       0.55      0.54      0.55        50
         456       0.63      0.52      0.57        50
         457       0.40      0.68      0.50        50
         458       0.71      0.82      0.76        50
         459       0.50      0.46      0.48        50
         460       0.62      0.52      0.57        50
         461       0.30      0.32      0.31        50
         462       0.80      0.56      0.66        50
         463       0.59      0.52      0.55        50
         464       0.44      0.34      0.38        50
         465       0.83      0.50      0.62        50
         466       0.90      0.90      0.90        50
         467       0.92      0.66      0.77        50
         468       0.66      0.74      0.70        50
         469       0.50      0.48      0.49        50
         470       0.64      0.56      0.60        50
         471       0.72      0.84      0.78        50
         472       0.78      0.94      0.85        50
         473       0.51      0.70      0.59        50
         474       0.64      0.36      0.46        50
         475       0.81      0.92      0.86        50
         476       0.98      0.80      0.88        50
         477       0.54      0.56      0.55        50
         478       0.45      0.34      0.39        50
         479       0.58      0.38      0.46        50
         480       0.56      0.74      0.64        50
         481       0.47      0.54      0.50        50
         482       0.34      0.30      0.32        50
         483       0.61      0.74      0.67        50
         484       0.62      0.80      0.70        50
         485       0.32      0.70      0.43        50
         486       0.71      0.60      0.65        50
         487       0.48      0.72      0.58        50
         488       0.35      0.34      0.35        50
         489       0.56      0.50      0.53        50
         490       0.65      0.64      0.65        50
         491       0.52      0.90      0.66        50
         492       0.65      0.68      0.67        50
         493       0.59      0.32      0.42        50
         494       0.50      0.52      0.51        50
         495       0.81      0.70      0.75        50
         496       0.81      0.88      0.85        50
         497       0.43      0.46      0.45        50
         498       0.55      0.42      0.48        50
         499       0.67      0.28      0.39        50
         500       0.77      0.86      0.81        50
         501       0.37      0.42      0.39        50
         502       0.61      0.38      0.47        50
         503       0.73      0.66      0.69        50
         504       0.44      0.58      0.50        50
         505       0.54      0.30      0.38        50
         506       0.51      0.66      0.57        50
         507       0.87      0.68      0.76        50
         508       0.47      0.70      0.56        50
         509       0.74      0.52      0.61        50
         510       0.78      0.80      0.79        50
         511       0.59      0.70      0.64        50
         512       0.71      0.82      0.76        50
         513       0.45      0.60      0.52        50
         514       0.35      0.78      0.48        50
         515       0.53      0.64      0.58        50
         516       0.54      0.42      0.47        50
         517       0.40      0.94      0.56        50
         518       0.44      0.84      0.58        50
         519       0.46      0.64      0.53        50
         520       0.62      0.64      0.63        50
         521       0.90      0.56      0.69        50
         522       0.80      0.78      0.79        50
         523       0.50      0.34      0.40        50
         524       0.40      0.36      0.38        50
         525       0.76      0.74      0.75        50
         526       0.56      0.18      0.27        50
         527       0.39      0.36      0.37        50
         528       0.76      0.84      0.80        50
         529       0.67      0.58      0.62        50
         530       0.61      0.66      0.63        50
         531       0.58      0.28      0.38        50
         532       0.53      0.78      0.63        50
         533       0.58      0.96      0.72        50
         534       0.70      0.52      0.60        50
         535       0.87      0.78      0.82        50
         536       0.52      0.46      0.49        50
         537       0.84      0.82      0.83        50
         538       0.54      0.64      0.59        50
         539       0.71      0.50      0.59        50
         540       0.96      0.90      0.93        50
         541       0.62      0.36      0.46        50
         542       0.42      0.44      0.43        50
         543       0.45      0.46      0.46        50
         544       0.74      0.56      0.64        50
         545       0.88      0.56      0.68        50
         546       0.78      0.36      0.49        50
         547       0.86      0.84      0.85        50
         548       0.76      0.90      0.83        50
         549       0.36      0.40      0.38        50
         550       0.62      0.82      0.71        50
         551       0.57      0.80      0.67        50
         552       0.83      0.70      0.76        50
         553       0.66      0.82      0.73        50
         554       0.91      0.86      0.89        50
         555       0.83      0.78      0.80        50
         556       0.80      0.40      0.53        50
         557       0.79      0.74      0.76        50
         558       0.43      0.42      0.42        50
         559       0.50      0.64      0.56        50
         560       0.84      0.82      0.83        50
         561       1.00      0.74      0.85        50
         562       0.61      0.70      0.65        50
         563       0.65      0.80      0.71        50
         564       0.82      0.66      0.73        50
         565       0.91      1.00      0.95        50
         566       0.81      0.68      0.74        50
         567       0.49      0.44      0.46        50
         568       0.86      0.64      0.74        50
         569       0.88      0.90      0.89        50
         570       0.63      0.72      0.67        50
         571       0.73      0.64      0.68        50
         572       0.55      0.58      0.56        50
         573       0.88      0.90      0.89        50
         574       0.98      0.82      0.89        50
         575       0.92      0.70      0.80        50
         576       0.92      0.88      0.90        50
         577       0.67      0.52      0.58        50
         578       0.60      0.58      0.59        50
         579       0.76      0.58      0.66        50
         580       0.74      0.78      0.76        50
         581       0.50      0.74      0.60        50
         582       0.35      0.56      0.43        50
         583       0.64      0.76      0.70        50
         584       0.37      0.44      0.40        50
         585       0.45      0.38      0.41        50
         586       0.77      0.82      0.80        50
         587       0.36      0.62      0.45        50
         588       0.56      0.46      0.51        50
         589       0.84      0.54      0.66        50
         590       0.81      0.44      0.57        50
         591       0.59      0.66      0.62        50
         592       0.72      0.72      0.72        50
         593       0.70      0.52      0.60        50
         594       0.93      0.80      0.86        50
         595       0.68      0.64      0.66        50
         596       0.45      0.58      0.51        50
         597       0.61      0.62      0.61        50
         598       0.82      0.62      0.70        50
         599       0.68      0.50      0.57        50
         600       0.40      0.28      0.33        50
         601       0.69      0.54      0.61        50
         602       0.65      0.64      0.65        50
         603       0.84      0.82      0.83        50
         604       1.00      0.90      0.95        50
         605       0.76      0.76      0.76        50
         606       0.78      0.72      0.75        50
         607       0.73      0.88      0.80        50
         608       0.70      0.60      0.65        50
         609       0.86      0.76      0.81        50
         610       0.66      0.76      0.70        50
         611       0.75      0.92      0.83        50
         612       0.93      0.84      0.88        50
         613       0.77      0.74      0.76        50
         614       0.56      0.86      0.68        50
         615       0.78      0.76      0.77        50
         616       0.71      0.72      0.71        50
         617       0.51      0.56      0.53        50
         618       0.22      0.08      0.12        50
         619       0.37      0.58      0.45        50
         620       0.26      0.30      0.28        50
         621       0.72      0.76      0.74        50
         622       0.72      0.46      0.56        50
         623       0.59      0.38      0.46        50
         624       0.40      0.42      0.41        50
         625       0.90      0.92      0.91        50
         626       0.34      0.48      0.40        50
         627       0.85      0.78      0.81        50
         628       0.69      0.86      0.77        50
         629       0.76      0.64      0.70        50
         630       0.71      0.80      0.75        50
         631       0.60      0.42      0.49        50
         632       0.51      0.48      0.49        50
         633       0.81      0.26      0.39        50
         634       0.79      0.52      0.63        50
         635       0.67      0.52      0.58        50
         636       0.60      0.60      0.60        50
         637       0.70      0.70      0.70        50
         638       0.28      0.16      0.20        50
         639       0.38      0.56      0.45        50
         640       0.84      0.86      0.85        50
         641       0.58      0.66      0.62        50
         642       0.89      0.80      0.84        50
         643       0.64      0.56      0.60        50
         644       0.67      0.62      0.65        50
         645       0.88      0.98      0.92        50
         646       0.76      0.82      0.79        50
         647       0.65      0.56      0.60        50
         648       0.57      0.56      0.57        50
         649       0.73      0.74      0.73        50
         650       0.52      0.44      0.48        50
         651       0.65      0.52      0.58        50
         652       0.30      0.66      0.41        50
         653       0.85      0.56      0.67        50
         654       0.74      0.62      0.67        50
         655       0.48      0.48      0.48        50
         656       0.45      0.44      0.44        50
         657       0.40      0.34      0.37        50
         658       0.62      0.50      0.56        50
         659       0.46      0.86      0.60        50
         660       0.79      0.62      0.70        50
         661       0.69      0.94      0.80        50
         662       0.68      0.52      0.59        50
         663       0.52      0.26      0.35        50
         664       0.28      0.38      0.32        50
         665       0.52      0.66      0.58        50
         666       0.81      0.70      0.75        50
         667       0.57      0.34      0.42        50
         668       0.93      0.76      0.84        50
         669       0.76      0.84      0.80        50
         670       0.92      0.48      0.63        50
         671       0.56      0.74      0.64        50
         672       0.72      0.88      0.79        50
         673       0.38      0.42      0.40        50
         674       0.88      0.74      0.80        50
         675       0.68      0.52      0.59        50
         676       0.69      0.58      0.63        50
         677       0.38      0.64      0.48        50
         678       0.62      0.68      0.65        50
         679       0.65      0.66      0.65        50
         680       0.79      0.68      0.73        50
         681       0.20      0.26      0.23        50
         682       0.86      0.74      0.80        50
         683       0.40      0.72      0.52        50
         684       0.83      0.76      0.79        50
         685       0.96      0.90      0.93        50
         686       0.70      0.56      0.62        50
         687       0.84      0.72      0.77        50
         688       0.94      0.90      0.92        50
         689       0.80      0.24      0.37        50
         690       0.71      0.70      0.71        50
         691       0.38      0.54      0.44        50
         692       0.49      0.56      0.52        50
         693       0.62      0.68      0.65        50
         694       0.89      0.84      0.87        50
         695       0.75      0.72      0.73        50
         696       0.63      0.54      0.58        50
         697       0.55      0.56      0.55        50
         698       0.64      0.60      0.62        50
         699       0.88      0.58      0.70        50
         700       0.56      0.54      0.55        50
         701       0.84      0.92      0.88        50
         702       0.57      0.64      0.60        50
         703       0.55      0.74      0.63        50
         704       0.74      0.80      0.77        50
         705       0.48      0.50      0.49        50
         706       0.52      0.54      0.53        50
         707       0.74      0.70      0.72        50
         708       0.60      0.70      0.65        50
         709       0.41      0.68      0.52        50
         710       0.45      0.38      0.41        50
         711       0.73      0.48      0.58        50
         712       0.72      0.52      0.60        50
         713       0.71      0.92      0.80        50
         714       0.81      0.70      0.75        50
         715       0.91      0.78      0.84        50
         716       0.81      0.76      0.78        50
         717       0.83      0.70      0.76        50
         718       0.42      0.48      0.45        50
         719       0.84      0.86      0.85        50
         720       0.76      0.62      0.68        50
         721       0.63      0.82      0.71        50
         722       0.59      0.76      0.67        50
         723       0.91      0.80      0.85        50
         724       0.78      0.64      0.70        50
         725       0.51      0.58      0.54        50
         726       0.91      0.82      0.86        50
         727       0.91      0.82      0.86        50
         728       0.31      0.36      0.33        50
         729       0.72      0.46      0.56        50
         730       0.51      0.74      0.61        50
         731       0.55      0.34      0.42        50
         732       0.79      0.82      0.80        50
         733       0.45      0.34      0.39        50
         734       0.76      0.68      0.72        50
         735       0.73      0.60      0.66        50
         736       0.80      0.72      0.76        50
         737       0.36      0.70      0.48        50
         738       0.67      0.82      0.74        50
         739       0.77      0.80      0.78        50
         740       0.53      0.34      0.41        50
         741       0.86      0.72      0.78        50
         742       0.47      0.42      0.44        50
         743       0.67      0.60      0.63        50
         744       0.25      0.20      0.22        50
         745       0.34      0.64      0.44        50
         746       0.80      0.86      0.83        50
         747       0.64      0.56      0.60        50
         748       0.42      0.16      0.23        50
         749       0.74      0.64      0.69        50
         750       0.54      0.68      0.60        50
         751       0.67      0.62      0.65        50
         752       0.69      0.72      0.71        50
         753       0.55      0.72      0.62        50
         754       0.40      0.20      0.27        50
         755       0.85      0.82      0.84        50
         756       0.68      0.68      0.68        50
         757       0.78      0.76      0.77        50
         758       0.78      0.42      0.55        50
         759       0.76      0.64      0.70        50
         760       0.45      0.70      0.55        50
         761       0.73      0.74      0.73        50
         762       0.49      0.38      0.43        50
         763       0.81      0.84      0.82        50
         764       0.53      0.34      0.41        50
         765       0.66      0.46      0.54        50
         766       0.63      0.82      0.71        50
         767       0.55      0.32      0.41        50
         768       0.70      0.86      0.77        50
         769       0.65      0.70      0.67        50
         770       0.89      0.66      0.76        50
         771       0.97      0.78      0.87        50
         772       0.65      0.52      0.58        50
         773       0.51      0.68      0.58        50
         774       0.58      0.62      0.60        50
         775       0.54      0.74      0.63        50
         776       0.58      0.64      0.61        50
         777       0.61      0.78      0.68        50
         778       0.55      0.54      0.55        50
         779       0.88      0.84      0.86        50
         780       0.78      0.56      0.65        50
         781       0.71      0.80      0.75        50
         782       0.53      0.20      0.29        50
         783       0.70      0.90      0.79        50
         784       0.54      0.26      0.35        50
         785       0.74      0.56      0.64        50
         786       0.67      0.66      0.67        50
         787       0.39      0.56      0.46        50
         788       0.58      0.80      0.67        50
         789       0.74      0.62      0.67        50
         790       0.67      0.60      0.63        50
         791       0.73      0.70      0.71        50
         792       0.40      0.58      0.48        50
         793       0.68      0.78      0.73        50
         794       0.71      0.48      0.57        50
         795       0.72      0.76      0.74        50
         796       0.84      0.64      0.73        50
         797       0.45      0.64      0.53        50
         798       0.93      0.50      0.65        50
         799       0.36      0.38      0.37        50
         800       0.95      0.78      0.86        50
         801       0.56      0.80      0.66        50
         802       0.79      0.96      0.86        50
         803       0.74      0.80      0.77        50
         804       0.60      0.62      0.61        50
         805       0.80      0.88      0.84        50
         806       0.66      0.58      0.62        50
         807       0.61      0.78      0.68        50
         808       0.74      0.50      0.60        50
         809       0.46      0.34      0.39        50
         810       0.49      0.50      0.50        50
         811       0.50      0.64      0.56        50
         812       0.74      0.86      0.80        50
         813       0.28      0.38      0.32        50
         814       0.73      0.90      0.80        50
         815       0.82      0.56      0.67        50
         816       0.72      0.86      0.78        50
         817       0.54      0.68      0.60        50
         818       0.30      0.16      0.21        50
         819       0.38      0.60      0.47        50
         820       0.96      0.90      0.93        50
         821       0.86      0.84      0.85        50
         822       0.83      0.76      0.79        50
         823       0.43      0.64      0.52        50
         824       0.35      0.50      0.41        50
         825       0.67      0.74      0.70        50
         826       0.50      0.50      0.50        50
         827       0.41      0.48      0.44        50
         828       0.54      0.52      0.53        50
         829       0.86      0.84      0.85        50
         830       0.92      0.24      0.38        50
         831       0.77      0.66      0.71        50
         832       0.98      0.80      0.88        50
         833       0.66      0.66      0.66        50
         834       0.40      0.48      0.44        50
         835       0.57      0.62      0.60        50
         836       0.28      0.42      0.34        50
         837       0.38      0.24      0.29        50
         838       0.42      0.30      0.35        50
         839       0.49      0.38      0.43        50
         840       0.75      0.80      0.78        50
         841       0.62      0.32      0.42        50
         842       0.59      0.48      0.53        50
         843       0.96      0.52      0.68        50
         844       0.61      0.54      0.57        50
         845       0.43      0.54      0.48        50
         846       0.58      0.52      0.55        50
         847       0.74      0.70      0.72        50
         848       0.26      0.16      0.20        50
         849       0.76      0.74      0.75        50
         850       0.74      0.78      0.76        50
         851       0.57      0.60      0.58        50
         852       0.72      0.84      0.78        50
         853       0.81      0.84      0.82        50
         854       0.82      0.74      0.78        50
         855       0.78      0.58      0.67        50
         856       0.67      0.58      0.62        50
         857       0.84      0.52      0.64        50
         858       0.74      0.64      0.69        50
         859       0.60      0.64      0.62        50
         860       0.40      0.38      0.39        50
         861       0.79      0.52      0.63        50
         862       0.81      0.50      0.62        50
         863       0.62      1.00      0.76        50
         864       0.72      0.58      0.64        50
         865       0.58      0.56      0.57        50
         866       0.60      0.80      0.68        50
         867       0.58      0.76      0.66        50
         868       0.55      0.46      0.50        50
         869       0.70      0.56      0.62        50
         870       0.83      0.70      0.76        50
         871       0.90      0.52      0.66        50
         872       0.74      0.62      0.67        50
         873       0.58      0.90      0.71        50
         874       0.79      0.98      0.87        50
         875       0.77      0.40      0.53        50
         876       0.27      0.26      0.26        50
         877       0.76      0.62      0.68        50
         878       0.72      0.46      0.56        50
         879       0.47      0.46      0.46        50
         880       0.71      0.80      0.75        50
         881       0.65      0.78      0.71        50
         882       0.67      0.72      0.69        50
         883       0.46      0.46      0.46        50
         884       0.52      0.72      0.61        50
         885       0.15      0.18      0.17        50
         886       0.80      0.88      0.84        50
         887       0.53      0.58      0.55        50
         888       0.81      0.76      0.78        50
         889       0.68      0.54      0.60        50
         890       0.95      0.82      0.88        50
         891       0.71      0.74      0.73        50
         892       0.39      0.66      0.49        50
         893       0.60      0.56      0.58        50
         894       0.50      0.56      0.53        50
         895       0.65      0.60      0.63        50
         896       0.68      0.68      0.68        50
         897       0.73      0.74      0.73        50
         898       0.37      0.38      0.38        50
         899       0.17      0.10      0.13        50
         900       0.84      0.92      0.88        50
         901       0.89      0.62      0.73        50
         902       0.85      0.56      0.67        50
         903       0.55      0.84      0.67        50
         904       0.58      0.64      0.61        50
         905       0.56      0.40      0.47        50
         906       0.58      0.42      0.49        50
         907       0.57      0.32      0.41        50
         908       0.69      0.50      0.58        50
         909       0.53      0.38      0.44        50
         910       0.51      0.52      0.51        50
         911       0.52      0.32      0.40        50
         912       0.65      0.68      0.67        50
         913       0.78      0.64      0.70        50
         914       0.71      0.84      0.77        50
         915       0.98      0.84      0.90        50
         916       0.75      0.92      0.83        50
         917       0.53      0.60      0.56        50
         918       0.83      0.80      0.82        50
         919       0.63      0.76      0.69        50
         920       0.56      0.80      0.66        50
         921       0.56      0.60      0.58        50
         922       0.77      0.66      0.71        50
         923       0.35      0.18      0.24        50
         924       0.91      0.64      0.75        50
         925       0.49      0.64      0.56        50
         926       0.52      0.82      0.64        50
         927       0.88      0.90      0.89        50
         928       0.58      0.60      0.59        50
         929       0.38      0.68      0.49        50
         930       0.38      0.68      0.49        50
         931       0.47      0.72      0.57        50
         932       0.67      0.72      0.69        50
         933       0.68      0.86      0.76        50
         934       0.65      0.74      0.69        50
         935       0.71      0.48      0.57        50
         936       0.66      0.84      0.74        50
         937       0.78      0.84      0.81        50
         938       0.56      0.88      0.69        50
         939       0.69      0.70      0.69        50
         940       0.77      0.72      0.74        50
         941       0.72      0.68      0.70        50
         942       0.80      0.56      0.66        50
         943       0.71      0.58      0.64        50
         944       0.89      0.80      0.84        50
         945       0.81      0.76      0.78        50
         946       0.75      0.86      0.80        50
         947       0.44      0.30      0.36        50
         948       0.76      0.78      0.77        50
         949       0.81      0.50      0.62        50
         950       0.66      0.66      0.66        50
         951       0.64      0.78      0.70        50
         952       0.80      0.74      0.77        50
         953       0.63      0.86      0.73        50
         954       0.63      0.72      0.67        50
         955       0.94      0.88      0.91        50
         956       0.91      0.84      0.87        50
         957       0.77      0.74      0.76        50
         958       0.89      0.78      0.83        50
         959       0.89      0.78      0.83        50
         960       0.53      0.42      0.47        50
         961       0.47      0.34      0.40        50
         962       0.47      0.60      0.53        50
         963       0.84      0.72      0.77        50
         964       0.62      0.52      0.57        50
         965       0.76      0.68      0.72        50
         966       0.58      0.50      0.54        50
         967       0.68      0.56      0.62        50
         968       0.38      0.30      0.34        50
         969       0.48      0.42      0.45        50
         970       0.59      0.60      0.59        50
         971       0.85      0.70      0.77        50
         972       0.67      0.36      0.47        50
         973       0.64      0.58      0.61        50
         974       0.80      0.88      0.84        50
         975       0.32      0.50      0.39        50
         976       0.67      0.36      0.47        50
         977       0.47      0.68      0.55        50
         978       0.40      0.20      0.27        50
         979       0.71      0.70      0.71        50
         980       0.57      0.78      0.66        50
         981       0.75      0.60      0.67        50
         982       0.58      0.62      0.60        50
         983       0.84      0.72      0.77        50
         984       0.92      0.92      0.92        50
         985       0.94      0.94      0.94        50
         986       1.00      0.98      0.99        50
         987       0.44      0.34      0.38        50
         988       0.77      0.82      0.80        50
         989       0.88      0.84      0.86        50
         990       0.79      0.88      0.83        50
         991       0.80      0.90      0.85        50
         992       0.63      0.86      0.73        50
         993       0.96      0.92      0.94        50
         994       0.82      0.72      0.77        50
         995       0.94      0.96      0.95        50
         996       0.92      0.66      0.77        50
         997       0.69      0.72      0.71        50
         998       0.51      0.62      0.56        50
         999       0.34      0.36      0.35        50

    accuracy                           0.67     50000
   macro avg       0.69      0.67      0.67     50000
weighted avg       0.69      0.67      0.67     50000

